totalGenEvents = 5826690
selEvents = 165.0 133.0 47.0 23.0 16.0 3.0 0.0 0.0
selEventsSYSTUP=165.0 133.0 47.0 23.0 16.0 3.0 0.0 0.0
selEventsSTATERR=12.845224800111522 11.532555483850921 6.8556523958190896 4.7958315233127209 3.9999987405123019 1.7320508075688774 0.0 0.0
bkgQCDBinned=156.96472300000002 105.71433900000004 59.787157999999991 29.613157000000005 12.64114 3.09259 0.0 0.0
bkgQCDBinnedSYSTUP=169.54286200000001 113.90476100000008 64.757317 31.816690999999999 13.621279999999999 3.6008200000000001 0.0 0.0
bkgQCDBinnedSTATERR=25.490401728963057 17.763735890851713 22.402772399885286 9.0835652044594806 4.5385230435902821 3.09259 0.0 0.0
bkgEWKBinned=4.1549999999999896 5.2875000000000059 2.7074999999999942 1.8825000000000012 0.59999999999999964 0.26250000000000012 0.082500000000000018 0.0
bkgEWKBinnedSYSTUP=5.5399999999999618 7.0499999999999599 3.609999999999983 2.5099999999999931 0.80000000000000049 0.35000000000000009 0.10999999999999999 0.0
bkgEWKBinnedSTATERR=0.1765290722931783 0.19913882975406913 0.14250001471466617 0.11882234884027512 0.067082036337308609 0.044370603919261696 0.024874685927665501 0.0
bkgFSRBinned=2.571096440566 5.2160885613839989 2.99921124718156 3.7217597366155593 2.5231226598000003 0.65828770980000006 0.0 0.0
bkgFSRBinnedSYSTUP=2.571096440566 5.2160885613839989 2.99921124718156 3.7217597366155593 2.5231226598000003 0.65828770980000006 0.0 0.0
bkgFSRBinnedSTATERR=0.95818463165442624 1.3090935265453345 0.97396389758894808 1.0658182266335401 1.0359641786923304 0.50127524899730025 0.0 0.0

selEvents2j = 293.0 205.0 75.0 41.0 20.0 4.0 0.0 0.0
selEvents2jSYSTUP=293.0 205.0 75.0 41.0 20.0 4.0 0.0 0.0
selEvents2jSTATERR=17.117228498711466 14.317811836953299 8.660251808105814 6.4031234506371977 4.4721348284795717 2.0 0.0 0.0
bkgQCDBinned2j=266.55558400000035 177.71820800000012 84.387044000000003 57.739213999999997 27.261277999999997 3.82348 2.0355500000000002 0.0
bkgQCDBinned2jSYSTUP=284.59468000000004 190.08674000000002 90.072909999999979 63.27503999999999 28.97296 4.2109100000000002 2.1456200000000001 0.0
bkgQCDBinned2jSTATERR=28.53329364141678 22.386661144440271 22.017309673412782 12.550151670778966 9.0858949258899084 2.932178824730852 2.0355500000000002 0.0
bkgEWKBinned2j=5.880000000000007 7.6050000000000129 4.1324999999999887 2.9099999999999908 1.0649999999999984 0.40500000000000025 0.12750000000000006 0.0
bkgEWKBinned2jSYSTUP=7.8399999999999554 10.139999999999935 5.5099999999999634 3.8799999999999808 1.4200000000000008 0.54000000000000026 0.17000000000000001 0.0
bkgEWKBinned2jSTATERR=0.21000004446082882 0.2388253084092638 0.17605045555328772 0.14773288888114955 0.089372810785159892 0.055113523016406783 0.030923292192132454 0.0
bkgFSRBinned2j=4.9423599253259995 9.3132278673840023 5.9678072011815608 5.5758856350155588 4.1162278511999997 1.1004425724 0.45037400999999994 0.0
bkgFSRBinned2jSYSTUP=4.9423599253259995 9.3132278673840023 5.9678072011815608 5.5758856350155588 4.1162278511999997 1.1004425724 0.45037400999999994 0.0
bkgFSRBinned2jSTATERR=1.2738546528571841 1.7755051076705952 1.4477421901274623 1.2980705807784267 1.2788027117882526 0.66840781511566083 0.45037400999999994 0.0
