totalGenEvents = 5508077

selEvents = 154.0 121.0 36.0 20.0 16.0 3.0 0.0 0.0
selEventsSYSTUP=154.0 121.0 36.0 20.0 16.0 3.0 0.0 0.0
selEventsSTATERR=12.409666000392598 10.999994249734861 5.9999983206830976 4.4721359549995796 3.9999987405123019 1.7320508075688774 0.0 0.0
bkgQCDBinned=119.04127299999999 101.664224 31.331067000000001 29.165796999999998 9.2833220000000001 3.1509399999999999 0.0 0.0
bkgQCDBinnedSYSTUP=129.58980099999997 114.01813199999997 33.496805000000002 31.589812000000002 10.049405 3.7753800000000002 0.0 0.0
bkgQCDBinnedSTATERR=15.402339218943757 19.278765524315816 10.215721327179056 10.272562999447752 3.8169608795771013 3.1509399999999999 0.0 0.0
bkgEWKBinned=3.809999999999989 5.047500000000003 2.5499999999999958 1.6650000000000014 0.58499999999999974 0.24000000000000013 0.075000000000000011 0.0
bkgEWKBinnedSYSTUP=5.0799999999999654 6.7299999999999596 3.3999999999999857 2.2199999999999984 0.78000000000000047 0.32000000000000006 0.099999999999999992 0.0
bkgEWKBinnedSTATERR=0.16904145695112827 0.19456688506783512 0.13829318307566743 0.11174748711018091 0.066238203196644752 0.042426412671353692 0.023717082451262847 0.0
bkgFSRBinned=3.0319513005659999 5.6912449193839985 2.99921124718156 3.7217597366155593 2.5231226598000003 0.65828770980000006 0.0 0.0
bkgFSRBinnedSYSTUP=3.0319513005659999 5.6912449193839985 2.99921124718156 3.7217597366155593 2.5231226598000003 0.65828770980000006 0.0 0.0
bkgFSRBinnedSTATERR=1.0632516942637731 1.3926594951743905 0.97396389758894808 1.0658182266335401 1.0359641786923304 0.50127524899730025 0.0 0.0

selEvents2j = 274.0 188.0 61.0 38.0 20.0 4.0 0.0 0.0
selEvents2jSYSTUP=274.0 188.0 61.0 38.0 20.0 4.0 0.0 0.0
selEvents2jSTATERR=16.552931215461513 13.711300239831374 7.8102464506889904 6.1644131857055138 4.4721348284795717 2.0 0.0 0.0
bkgQCDBinned2j=223.46695699999984 151.81697599999993 48.746787000000012 54.609991000000008 25.092465000000001 3.7175690000000001 2.1048200000000001 0.0
bkgQCDBinned2jSYSTUP=239.45564200000001 165.240185 51.746114999999989 61.123946000000011 26.770142 4.1507100000000001 2.2250000000000001 0.0
bkgQCDBinned2jSTATERR=21.708907693279052 21.855622121211834 11.657924326582801 13.245136833057446 10.106186475447847 2.9084021384328889 2.1048200000000001 0.0
bkgEWKBinned2j=5.3999999999999968 7.2225000000000108 3.8699999999999881 2.6174999999999939 1.0124999999999977 0.37500000000000022 0.11250000000000004 0.0
bkgEWKBinned2jSYSTUP=7.1999999999999593 9.6299999999999439 5.1599999999999664 3.4899999999999838 1.3500000000000008 0.50000000000000022 0.14999999999999999 0.0
bkgEWKBinned2jSTATERR=0.20124616498736103 0.2327418647928004 0.17036727892154099 0.14011158203289309 0.087142121107992243 0.053033012542000664 0.029047375096555625 0.0
bkgFSRBinned2j=5.4124206453260006 10.335575357384 6.2293703191815597 5.5758856350155588 4.1162278511999997 1.1004425724 0.45037400999999994 0.0
bkgFSRBinned2jSYSTUP=5.4124206453260006 10.335575357384 6.2293703191815597 5.5758856350155588 4.1162278511999997 1.1004425724 0.45037400999999994 0.0
bkgFSRBinned2jSTATERR=1.3546870161508848 1.8872567148679347 1.4711804123995884 1.2980705807784267 1.2788027117882526 0.66840781511566083 0.45037400999999994 0.0
