######Daten/SM Estimate

totalGenEvents = 5633697
selEvents = 108.0 86.0 25.0 12.0 11.0 2.0 0.0 0.0
selEventsSYSTUP=108.0 86.0 25.0 12.0 11.0 2.0 0.0 0.0
selEventsSTATERR=10.392298004931343 9.2736122180140814 4.9999989924098989 3.4641016151377553 3.3166247903554003 1.4142135623730951 0.0 0.0
bkgQCDBinned=71.368060000000014 60.627572999999991 20.684580000000004 7.799574999999999 3.2864969999999998 0.74957200000000002 0.0 0.0
bkgQCDBinnedSYSTUP=77.435284999999993 68.500259999999997 21.810081999999998 8.2860179999999986 3.527717 0.78557100000000002 0.0 0.0
bkgQCDBinnedSTATERR=9.6861671826832545 8.8509843124345764 5.1241224378746075 2.9063096029743631 2.031592475731538 0.74957200000000002 0.0 0.0
bkgEWKBinned=2.8274999999999935 3.6674999999999933 1.9275000000000004 1.4400000000000002 0.4575000000000003 0.21750000000000014 0.014999999999999999 0.0
bkgEWKBinnedSYSTUP=3.7699999999999876 4.8899999999999739 2.5699999999999967 1.9200000000000015 0.61000000000000032 0.29000000000000009 0.02 0.0
bkgEWKBinnedSTATERR=0.1456236865906437 0.16585012740356903 0.12023416702705615 0.10392305924384633 0.058576873659832662 0.040388736053508789 0.010606601717798213 0.0
bkgFSRBinned =  0.073225437000000004 0.047143550000000006 0.045411929999999996 0.079523509999999992 0.057725020000000002 0.016494217000000002 0.0 0.0
bkgFSRBinnedSYSTUP = 0.073225437000000004 0.047143550000000006 0.045411929999999996 0.079523509999999992 0.057725020000000002 0.016494217000000002 0.0 0.0
bkgFSRBinnedSTATERR = 0.025924513033645378 0.020135772686408135 0.020892664234747563 0.025092224858429754 0.024840973675647259 0.012388987452648782 0.0 0.0
selEvents2j = 188.0 139.0 46.0 25.0 14.0 2.0 0.0 0.0
selEvents2jSYSTUP=188.0 139.0 46.0 25.0 14.0 2.0 0.0 0.0
selEvents2jSTATERR=13.711298158022819 11.789816437124886 6.7823282912802139 5.0000000000000018 3.7416573867739422 1.4142135623730951 0.0 0.0
bkgQCDBinned2j=154.58851799999999 102.77547300000005 36.308814000000005 27.179577999999992 6.1738730000000004 0.85683200000000004 0.0 0.0
bkgQCDBinned2jSYSTUP=167.38850000000002 113.58812599999996 38.524891999999994 30.432310000000005 6.5647079999999995 0.90572799999999998 0.0 0.0
bkgQCDBinned2jSTATERR=14.857985706126458 11.966570743371893 6.8722482482542775 7.1021010704372527 2.6205585214663687 0.85683200000000004 0.0 0.0
bkgEWKBinned2j=4.1399999999999926 5.5874999999999977 3.0674999999999941 2.219999999999998 0.80249999999999888 0.3525000000000002 0.014999999999999999 0.0
bkgEWKBinned2jSYSTUP=5.5199999999999774 7.4499999999999673 4.089999999999983 2.9599999999999902 1.0700000000000007 0.47000000000000031 0.02 0.0
bkgEWKBinned2jSTATERR=0.17621013033563104 0.20471023302526944 0.15167813721637707 0.1290349089704412 0.077580609708612094 0.051417409148653136 0.010606601717798213 0.0
bkgFSRBinned2j = 0.205775861 0.20161811419999998 0.15881797 0.15374655999999998 0.091531860000000007 0.049461074000000001 0.0 0.0
bkgFSRBinned2jSYSTUP=0.205775861 0.20161811419999998 0.15881797 0.15374655999999998 0.091531860000000007 0.049461074000000001 0.0 0.0
bkgFSRBinned2jSTATERR=0.044133911029854596 0.043215636860728102 0.037961796211619124 0.033510159868189233 0.030626333274621689 0.022295707180090475 0.0 0.0
