totalGenEvents = 5826690

selEvents = 161.0 129.0 43.0 22.0 16.0 3.0 0.0 0.0
selEventsSYSTUP=161.0 129.0 43.0 22.0 16.0 3.0 0.0 0.0
selEventsSTATERR=12.688569665860692 11.35780991494399 6.5574369877414762 4.6904157598234306 3.9999987405123019 1.7320508075688774 0.0 0.0
bkgQCDBinned=125.51636699999997 96.274770999999959 32.960726000000001 30.368946999999999 9.7468160000000008 3.1509399999999999 0.0 0.0
bkgQCDBinnedSYSTUP=134.99487100000002 103.98945000000006 35.083636999999996 32.648468999999999 10.475279 3.6720999999999999 0.0 0.0
bkgQCDBinnedSTATERR=16.065437996861618 17.902732848260264 10.580046801391006 10.572289278538637 3.9368480576999665 3.1509399999999999 0.0 0.0
bkgEWKBinned=3.9899999999999878 5.1600000000000037 2.6399999999999952 1.8300000000000014 0.58499999999999974 0.24750000000000014 0.082500000000000018 0.0
bkgEWKBinnedSYSTUP=5.3199999999999621 6.8799999999999599 3.519999999999984 2.4399999999999942 0.78000000000000047 0.33000000000000007 0.10999999999999999 0.0
bkgEWKBinnedSTATERR=0.17298847675833817 0.19672321327393 0.14071248620644894 0.11715374778623198 0.06623820347171254 0.043084225560638796 0.024874685927665501 0.0
bkgFSRBinned=2.571096440566 5.2160885613839989 2.99921124718156 3.7217597366155593 2.5231226598000003 0.65828770980000006 0.0 0.0
bkgFSRBinnedSYSTUP=2.571096440566 5.2160885613839989 2.99921124718156 3.7217597366155593 2.5231226598000003 0.65828770980000006 0.0 0.0
bkgFSRBinnedSTATERR=0.95818463165442624 1.3090935265453345 0.97396389758894808 1.0658182266335401 1.0359641786923304 0.50127524899730025 0.0 0.0

selEvents2j = 283.0 197.0 69.0 39.0 20.0 4.0 0.0 0.0
selEvents2jSYSTUP=283.0 197.0 69.0 39.0 20.0 4.0 0.0 0.0
selEvents2jSTATERR=16.822590003516101 14.035659535479624 8.3066212685363219 6.2449971916807145 4.4721348284795717 2.0 0.0 0.0
bkgQCDBinned2j=232.55773400000018 153.04909000000001 52.802949000000012 53.364689000000013 26.51538 3.88761 2.22587 0.0
bkgQCDBinned2jSYSTUP=247.72144999999998 164.07189000000008 55.857950000000017 58.700320000000005 28.171420000000001 4.28104 2.3468200000000001 0.0
bkgQCDBinned2jSTATERR=22.654524869600039 20.943906516662796 12.222056520390545 13.380259074674941 10.50568023938003 2.9699493370258017 2.22587 0.0
bkgEWKBinned2j=5.6400000000000041 7.417500000000012 4.0124999999999869 2.8349999999999911 1.0274999999999979 0.39000000000000024 0.12750000000000006 0.0
bkgEWKBinned2jSYSTUP=7.5199999999999561 9.8899999999999384 5.349999999999965 3.779999999999982 1.3700000000000008 0.52000000000000024 0.17000000000000001 0.0
bkgEWKBinned2jSTATERR=0.20566968140075978 0.23586283492608603 0.1734755356252867 0.14581668810547743 0.087785245386909933 0.054083273008204667 0.030923292192132454 0.0
bkgFSRBinned2j=4.9423599253259995 9.3132278673840023 5.9678072011815608
5.5758856350155588 4.1162278511999997 1.1004425724 0.45037400999999994 0.0
bkgFSRBinned2jSYSTUP=4.9423599253259995 9.3132278673840023 5.9678072011815608 5.5758856350155588 4.1162278511999997 1.1004425724 0.45037400999999994 0.0
bkgFSRBinned2jSTATERR=1.2738546528571841 1.7755051076705952 1.4477421901274623 1.2980705807784267 1.2788027117882526 0.66840781511566083 0.45037400999999994 0.0
