totalGenEvents = 6074197
selEvents = 168.0 127.0 44.0 20.0 15.0 3.0 0.0 0.0
selEventsSYSTUP=168.0 127.0 44.0 20.0 15.0 3.0 0.0 0.0
selEventsSTATERR=12.961472910653324 11.269420715657931 6.6332480617115479 4.4721359549995796 3.8729820454141022 1.7320508075688774 0.0 0.0
bkgQCDBinned=101.65407600000007 110.70867100000004 38.029582999999988 15.549815999999998 4.4702999999999999 3.34781 0.0 0.0
bkgQCDBinnedSYSTUP=107.46416000000001 121.269693 40.232523 16.508067999999998 4.8220270000000003 4.214429 0.0 0.0
bkgQCDBinnedSTATERR=10.846185411375654 16.014119773580223 10.386272048605358 4.2777705128893952 2.50088094369764 2.6940719291251303 0.0 0.0
bkgEWKBinned=4.1249999999999885 5.2275000000000036 2.624999999999996 1.9350000000000027 0.64499999999999946 0.24750000000000016 0.082500000000000018 0.0
bkgEWKBinnedSYSTUP=5.4999999999999618 6.9699999999999536 3.4999999999999853 2.5799999999999912 0.86000000000000054 0.33000000000000013 0.10999999999999999 0.0
bkgEWKBinnedSTATERR=0.17589062186637516 0.19800572574706052 0.14031216909149422 0.1204678443892811 0.069552135048753169 0.04308421942614258 0.024874685927665501 0.0
bkgFSRBinned=2.0832973854539993 3.7016574015720005 2.7042666948869205 3.8741323993129204 2.2085653387999997 0.70305109600000004 0.0 0.0
bkgFSRBinnedSYSTUP=2.0832973854539993 3.7016574015720005 2.7042666948869205 3.8741323993129204 2.2085653387999997 0.70305109600000004 0.0 0.0
bkgFSRBinnedSTATERR=0.77575695708699566 1.0676383189175798 0.98564056354175389 1.1326531323409625 0.99605079557714726 0.53536181799999993 0.0 0.0


selEvents2j = 302.0 199.0 70.0 38.0 19.0 4.0 0.0 0.0
selEvents2jSYSTUP=302.0 199.0 70.0 38.0 19.0 4.0 0.0 0.0
selEvents2jSTATERR=17.378133075391034 14.10672512709453 8.3665978567396238 6.164414002968976 4.3588977877555246 2.0 0.0 0.0
bkgQCDBinned2j=189.86089499999983 166.55836199999985 62.071440999999986 48.419938999999985 14.083496 6.5502980000000006 1.2987299999999999 0.0
bkgQCDBinned2jSYSTUP=202.41882399999986 183.54757099999992 65.874725000000026 52.452177000000006 15.04257 7.474278 1.37313 0.0
bkgQCDBinned2jSTATERR=15.345292520539999 18.738822468196279 12.134342300057751 11.305639499264299 4.8541732727917735 3.6843318365060447 1.2987299999999999 0.0
bkgEWKBinned2j=5.8125000000000009 7.6050000000000102 4.0424999999999889 2.9549999999999894 1.1324999999999992 0.41250000000000026 0.12000000000000005 0.0
bkgEWKBinned2jSYSTUP=7.7499999999999467 10.139999999999931 5.3899999999999642 3.9399999999999777 1.5100000000000009 0.55000000000000027 0.16 0.0
bkgEWKBinned2jSTATERR=0.20879122203715836 0.2388252997053916 0.17412283450748253 0.14887077115787409 0.092161544737488013 0.05562149242226426 0.029999999999999999 0.0
bkgFSRBinned2j=5.8685698586740012 10.264659747996001 7.1463582190869213 5.4262019295129198 3.2534356351999998 1.17525985 0.48099537999999997 0.0
bkgFSRBinned2jSYSTUP=5.8685698586740012 10.264659747996001 7.1463582190869213 5.4262019295129198 3.2534356351999998 1.17525985 0.48099537999999997 0.0
bkgFSRBinned2jSTATERR=1.4467772871830191 1.9527620958633638 1.6627969753977401 1.2865088324449356 1.1790932062375974 0.71385809761219188 0.48099537999999997 0.0
