totalGenEvents = 5826690
selEvents = 161.0 130.0 43.0 22.0 16.0 3.0 0.0 0.0
selEventsSYSTUP=161.0 130.0 43.0 22.0 16.0 3.0 0.0 0.0
selEventsSTATERR=12.688569665860692 11.401747500449222  6.5574369877414762 4.6904157598234306 3.9999987405123019  1.7320508075688774 0.0 0.0
bkgQCDBinned=152.45551700000001 105.71433900000004 58.841032999999996  27.842997000000004 12.64114 3.09259 0.0 0.0
bkgQCDBinnedSYSTUP=166.26545799999994 114.96188199999997  64.349317999999997 30.204878000000001 13.747686 3.6317400000000002 0.0 0.0
bkgQCDBinnedSTATERR=25.34866621206778 17.763735890851713  22.382784873322553 8.90941582810383 4.5385230435902821 3.09259 0.0 0.0
bkgEWKBinned=3.1979999999999813 4.1339999999999693 2.1120000000000001  1.4700000000000011 0.47400000000000031 0.19800000000000006  0.065999999999999989 0.0
bkgEWKBinnedSYSTUP=4.5305000000000097 5.8564999999999836  2.9920000000000049 2.0824999999999942 0.67149999999999943  0.28050000000000019 0.093500000000000028 0.0
bkgEWKBinnedSTATERR=0.13852073096318535 0.15749280900062498  0.1125699649623057 0.093914848192067996 0.05332916409866556  0.034467374418281418 0.019899748742132402 0.0

bkgFSRBinned=2.7471826382539999 5.5733218362959986 3.2046176629996399 3.9766511947456396 2.6959232862000002 0.70337173620000004 0.0 0.0
bkgFSRBinnedSYSTUP=2.7471826382539999 5.5733218362959986 3.2046176629996399 3.9766511947456396 2.6959232862000002 0.70337173620000004 0.0 0.0
bkgFSRBinnedSTATERR=1.0238076420592643 1.3987491683448299 1.0406675796079969 1.1388127187861381 1.1069140622862521 0.53560599256583352 0.0 0.0



selEvents2j = 283.0 199.0 70.0 39.0 20.0 4.0 0.0 0.0
selEvents2jSYSTUP=283.0 199.0 70.0 39.0 20.0 4.0 0.0 0.0
selEvents2jSTATERR=16.822590003516101 14.106726714440175  8.366598124524689 6.2449971916807145 4.4721348284795717 2.0 0.0 0.0
bkgQCDBinned2j=262.07547599999992 173.35429900000005 81.541437999999999  55.029537000000005 28.94529 4.4023699999999995 2.3536700000000002 0.0
bkgQCDBinned2jSYSTUP=284.3066340000002 188.3868920000001   88.426487999999992 61.743877999999995 31.331606000000001  5.0152999999999999 2.5075599999999998 0.0
bkgQCDBinned2jSTATERR=29.799769984315414 22.159842907160542  23.169683038529293 11.971065301603991 10.428401876826573  3.3585170174498149 2.3536700000000002 0.0
bkgEWKBinned2j=4.523999999999976 5.9459999999999908 3.2099999999999813  2.273999999999996 0.83400000000000063 0.31200000000000017  0.10200000000000002 0.0
bkgEWKBinned2jSYSTUP=6.4089999999999936 8.4234999999999758  4.5475000000000039 3.2215000000000082 1.1814999999999976  0.44200000000000034 0.14450000000000007 0.0
bkgEWKBinned2jSTATERR=0.16475431631804061 0.1888808510336363  0.13878037907736826 0.11680751577360217 0.070738953603298307  0.043266613602716823 0.024738633753705969 0.0


bkgFSRBinned2j=5.2808463986939991 9.9510611502960025 6.3765232889996408 5.9577602643456391 4.3981351728 1.1758083756 0.48121868999999995 0.0
bkgFSRBinned2jSYSTUP=5.2808463986939991 9.9510611502960025 6.3765232889996408 5.9577602643456391 4.3981351728 1.1758083756 0.48121868999999995 0.0
bkgFSRBinned2jSTATERR=1.361096896551244 1.8971037915832505 1.5468934368367933 1.3869712961672316 1.3663838322624133 0.71418493526240678 0.48121868999999995 0.0

